1000 3
0.000000000000000000e+00 0.000000000000000000e+00 0.000000000000000000e+00
4.704643514927971529e-18 -7.675721915127193817e-01 -4.704643514927971529e-18
1.185243372255772107e-15 -1.510798787565677204e+00 -1.185243372255772107e-15
2.989313615350526038e-14 -2.230421317013629778e+00 -2.989313615350526038e-14
2.938381997572031122e-13 -2.927151131321189759e+00 -2.938381997572031122e-13
1.723487885968217967e-12 -3.601670803763734163e+00 -1.723487885968217967e-12
7.292409713822431840e-12 -4.254635468853837033e+00 -7.292409713822431840e-12
2.462925082833407380e-11 -4.886674104188311496e+00 -2.462925082833407380e-11
7.053189515034292252e-11 -5.498390756842420402e+00 -7.053189515034292252e-11
1.780727419589927069e-10 -6.090365716371180405e+00 -1.780727419589927069e-10
4.070446083571982453e-10 -6.663156636412732148e+00 -4.070446083571982970e-10
8.585409843013599029e-10 -7.217299606825509528e+00 -8.585409843013599029e-10
1.694493692666740448e-09 -7.753310178229585681e+00 -1.694493692666740448e-09
3.163006778988732355e-09 -8.271684340762570642e+00 -3.163006778988731941e-09
5.630328950998437203e-09 -8.772899458802331907e+00 -5.630328950998437203e-09
9.620299309025609763e-09 -9.257415163352071374e+00 -9.620299309025608109e-09
1.586208358720160700e-08 -9.725674203728290834e+00 -1.586208358720160700e-08
2.534699172777455206e-08 -1.017810326013850108e+01 -2.534699172777455206e-08
3.939513333838341797e-08 -1.061511371868342657e+01 -3.939513333838341797e-08
5.973262637521528287e-08 -1.103710241026786676e+01 -5.973262637521529611e-08
8.858002713538161519e-08 -1.144445231485497771e+01 -8.858002713538161519e-08
1.287525971553516481e-07 -1.183753323245092837e+01 -1.287525971553516481e-07
1.837729656710548307e-07 -1.221670242216036506e+01 -1.837729656710548572e-07
2.579966856203194433e-07 -1.258230521060776752e+01 -2.579966856203194433e-07
3.567511174317999168e-07 -1.293467557097592113e+01 -3.567511174317999698e-07
4.864880086719410041e-07 -1.327413667387000196e+01 -4.864880086719408982e-07
6.549500695938592567e-07 -1.360100141117422545e+01 -6.549500695938592567e-07
8.713517752878809924e-07 -1.391557289402785891e+01 -8.713517752878809924e-07
1.146574554971035585e-06 -1.421814492600804947e+01 -1.146574554971035585e-06
1.493376458431807350e-06 -1.450900245256915255e+01 -1.493376458431807350e-06
1.926616319189965261e-06 -1.478842198775119243e+01 -1.926616319189965261e-06
2.463492363927574916e-06 -1.505667201913434994e+01 -2.463492363927574916e-06
3.123795148551715580e-06 -1.531401339198164635e+01 -3.123795148551716427e-06
3.930174633185472970e-06 -1.556069967347814753e+01 -3.930174633185472970e-06
4.908421141745767424e-06 -1.579697749794248196e+01 -4.908421141745767424e-06
6.087759886819991357e-06 -1.602308689385453988e+01 -6.087759886819991357e-06
7.501158677537379078e-06 -1.623926159351254839e+01 -7.501158677537379078e-06
9.185648367259084926e-06 -1.644572932610281413e+01 -9.185648367259084926e-06
1.118265553937260245e-05 -1.664271209493651682e+01 -1.118265553937260245e-05
1.353834687343917190e-05 -1.683042643957974605e+01 -1.353834687343917359e-05
1.630398458055165695e-05 -1.700908368357603706e+01 -1.630398458055165695e-05
1.953629224614188530e-05 -1.717889016843394501e+01 -1.953629224614188530e-05
2.329783037073649324e-05 -1.734004747452695128e+01 -2.329783037073649324e-05
2.765738085438801806e-05 -1.749275262952811616e+01 -2.765738085438802145e-05
3.269033962877468234e-05 -1.763719830497792174e+01 -3.269033962877468234e-05
3.847911660232653083e-05 -1.777357300156049646e+01 -3.847911660232653083e-05
4.511354204823554058e-05 -1.790206122364113028e+01 -4.511354204823555413e-05
5.269127853287429669e-05 -1.802284364359601199e+01 -5.269127853287429669e-05
6.131823745299515792e-05 -1.813609725644404591e+01 -6.131823745299515792e-05
7.110899922411296819e-05 -1.824199552527060320e+01 -7.110899922411296819e-05
8.218723613968117764e-05 -1.834070851791270584e+01 -8.218723613968117764e-05
9.468613690103710469e-05 -1.843240303535677782e+01 -9.468613690103710469e-05
1.087488318015858446e-04 -1.851724273228100870e+01 -1.087488318015858446e-04
1.245288175352812505e-04 -1.859538823015709852e+01 -1.245288175352812505e-04
1.421903805890993989e-04 -1.866699722330846711e+01 -1.421903805890994260e-04
1.619090181718334340e-04 -1.873222457830558696e+01 -1.619090181718334340e-04
1.838718556271093678e-04 -1.879122242706302615e+01 -1.838718556271093678e-04
2.082780592769677749e-04 -1.884414025398706016e+01 -2.082780592769677749e-04
2.353392436435993460e-04 -1.889112497750777209e+01 -2.353392436435993460e-04
2.652798720007996849e-04 -1.893232102631522906e+01 -2.652798720007996849e-04
2.983376492133125307e-04 -1.896787041060470003e+01 -2.983376492133124765e-04
3.347639058314379277e-04 -1.899791278862393185e+01 -3.347639058314379277e-04
3.748239724198899848e-04 -1.902258552879930775e+01 -3.748239724198899848e-04
4.187975431139814636e-04 -1.904202376770993865e+01 -4.187975431139814636e-04
4.669790274124691206e-04 -1.905636046416071494e+01 -4.669790274124691206e-04
5.196778892349881258e-04 -1.906572644960003515e+01 -5.196778892349881258e-04
5.772189722925261156e-04 -1.907025047510995819e+01 -5.772189722925261156e-04
6.399428108420980067e-04 -1.907005925519266043e+01 -6.399428108420978983e-04
7.082059249211667285e-04 -1.906527750855934045e+01 -7.082059249211667285e-04
7.823810991837841945e-04 -1.905602799612496057e+01 -7.823810991837841945e-04
8.628576444882644827e-04 -1.904243155639539609e+01 -8.628576444882644827e-04
9.500416414159395606e-04 -1.902460713843093032e+01 -9.500416414159394522e-04
1.044356164931440657e-03 -1.900267183255475700e+01 -1.044356164931440657e-03
1.146241489427550020e-03 -1.897674089897214245e+01 -1.146241489427550020e-03
1.256155273431277522e-03 -1.894692779445314912e+01 -1.256155273431277739e-03
1.374572723282798357e-03 -1.891334419722656790e+01 -1.374572723282798357e-03
1.501986735134838713e-03 -1.887610003022373917e+01 -1.501986735134838930e-03
1.638908014657094667e-03 -1.883530348280408262e+01 -1.638908014657094667e-03
1.785865173868103053e-03 -1.879106103108678383e+01 -1.785865173868103053e-03
1.943404804555641865e-03 -1.874347745700640289e+01 -1.943404804555641865e-03
2.112091527786067856e-03 -1.869265586620372233e+01 -2.112091527786067856e-03
2.292508019042929085e-03 -1.863869770485659672e+01 -2.292508019042929085e-03
2.485255008575638479e-03 -1.858170277554992822e+01 -2.485255008575638479e-03
2.690951256579843763e-03 -1.852176925227779591e+01 -2.690951256579843763e-03
2.910233502872330933e-03 -1.845899369466548023e+01 -2.910233502872330933e-03
3.143756390764740165e-03 -1.839347106149371669e+01 -3.143756390764740165e-03
3.392192364881896436e-03 -1.832529472360243261e+01 -3.392192364881896002e-03
3.656231542712374410e-03 -1.825455647624653466e+01 -3.656231542712374410e-03
3.936581559720452039e-03 -1.818134655097146180e+01 -3.936581559720452039e-03
4.233967387890288404e-03 -1.810575362707195168e+01 -4.233967387890289272e-03
4.549131127614596502e-03 -1.802786484269321221e+01 -4.549131127614596502e-03
4.882831772881335124e-03 -1.794776580562952972e+01 -4.882831772881335124e-03
5.235844949752860474e-03 -1.786554060387169685e+01 -5.235844949752860474e-03
5.608962628172595860e-03 -1.778127181595074546e+01 -5.608962628172594993e-03
6.002992807174477828e-03 -1.769504052112208470e+01 -6.002992807174476093e-03
6.418759173610063401e-03 -1.760692630943086812e+01 -6.418759173610063401e-03
6.857100734547452031e-03 -1.751700729169598247e+01 -6.857100734547452031e-03
7.318871423534627739e-03 -1.742536010944729341e+01 -7.318871423534627739e-03
7.804939680957879815e-03 -1.733205994484777079e+01 -7.804939680957878947e-03
8.316188008763058387e-03 -1.723718053062934885e+01 -8.316188008763058387e-03
8.853512499844064590e-03 -1.714079416006887158e+01 -8.853512499844064590e-03
9.417822342438474451e-03 -1.704297169702791237e+01 -9.417822342438474451e-03
1.001003929990530381e-02 -1.694378258607802223e+01 -1.001003929990530381e-02
1.063109716629368623e-02 -1.684329486273062315e+01 -1.063109716629368449e-02
1.128194119814448886e-02 -1.674157516378875599e+01 -1.128194119814449232e-02
1.196352752299902240e-02 -1.663868873783586366e+01 -1.196352752299902240e-02
1.267682252511998994e-02 -1.653469945587498913e+01 -1.267682252511998994e-02
1.342280220896033965e-02 -1.642966982212984206e+01 -1.342280220896033965e-02
1.420245154094441388e-02 -1.632366098501770324e+01 -1.420245154094441388e-02
1.501676377015417375e-02 -1.621673274830248346e+01 -1.501676377015417202e-02
1.586673972854012182e-02 -1.610894358243471203e+01 -1.586673972854012182e-02
1.675338711130250346e-02 -1.600035063608397579e+01 -1.675338711130250346e-02
1.767771973811300967e-02 -1.589100974786791554e+01 -1.767771973811300967e-02
1.864075679587108569e-02 -1.578097545828079795e+01 -1.864075679587108569e-02
1.964352206371114754e-02 -1.567030102182332030e+01 -1.964352206371114754e-02
2.068704312099859180e-02 -1.555903841933452014e+01 -2.068704312099859180e-02
2.177235053907236942e-02 -1.544723837052547388e+01 -2.177235053907236942e-02
2.290047705751133145e-02 -1.533495034671360813e+01 -2.290047705751133145e-02
2.407245674571840965e-02 -1.522222258375557224e+01 -2.407245674571840965e-02
2.528932415063460740e-02 -1.510910209517592939e+01 -2.528932415063460740e-02
2.655211343140903568e-02 -1.499563468548801204e+01 -2.655211343140903568e-02
2.786185748186598143e-02 -1.488186496370281908e+01 -2.786185748186598143e-02
2.921958704162296028e-02 -1.476783635702103759e+01 -2.921958704162295681e-02
3.062632979672535657e-02 -1.465359112470278902e+01 -3.062632979672536351e-02
3.208310947067429669e-02 -1.453917037210929486e+01 -3.208310947067429669e-02
3.359094490673321387e-02 -1.442461406490989972e+01 -3.359094490673321387e-02
3.515084914240763220e-02 -1.430996104344780839e+01 -3.515084914240763220e-02
3.676382847699925099e-02 -1.419524903725729637e+01 -3.676382847699925099e-02
3.843088153314157263e-02 -1.408051467972484261e+01 -3.843088153314156569e-02
4.015299831322934748e-02 -1.396579352288646980e+01 -4.015299831322934748e-02
4.193115925165746133e-02 -1.385112005235314214e+01 -4.193115925165746133e-02
4.376633426378797459e-02 -1.373652770235600507e+01 -4.376633426378797459e-02
4.565948179256496681e-02 -1.362204887090290839e+01 -4.565948179256496681e-02
4.761154785369772074e-02 -1.350771493503765619e+01 -4.761154785369772768e-02
4.962346508033214920e-02 -1.339355626619316553e+01 -4.962346508033213532e-02
5.169615176812790425e-02 -1.327960224562971092e+01 -5.169615176812790425e-02
5.383051092165760942e-02 -1.316588127994927682e+01 -5.383051092165760942e-02
5.602742930303856311e-02 -1.305242081667706344e+01 -5.602742930303856311e-02
5.828777648370490200e-02 -1.293924735990116481e+01 -5.828777648370490200e-02
6.061240390022084451e-02 -1.282638648596130615e+01 -6.061240390022084451e-02
6.300214391503017319e-02 -1.271386285917779624e+01 -6.300214391503017319e-02
6.545780888302846212e-02 -1.260170024761157670e+01 -6.545780888302844824e-02
6.798019022483783869e-02 -1.248992153884669065e+01 -6.798019022483783869e-02
7.057005750765216190e-02 -1.237854875578605274e+01 -7.057005750765216190e-02
7.322815753451350496e-02 -1.226760307245205261e+01 -7.322815753451350496e-02
7.595521344286755572e-02 -1.215710482978325402e+01 -7.595521344286755572e-02
7.875192381323423141e-02 -1.204707355141864156e+01 -7.875192381323423141e-02
8.161896178881843100e-02 -1.193752795946107881e+01 -8.161896178881843100e-02
8.455697420687093013e-02 -1.182848599021174074e+01 -8.455697420687093013e-02
8.756658074259707214e-02 -1.171996480986741673e+01 -8.756658074259707214e-02
9.064837306639468573e-02 -1.161198083017274030e+01 -9.064837306639468573e-02
9.380291401518869865e-02 -1.150454972401961662e+01 -9.380291401518869865e-02
9.703073677861299984e-02 -1.139768644098625572e+01 -9.703073677861299984e-02
1.003323441007743233e-01 -1.129140522280842873e+01 -1.003323441007743233e-01
1.037082074983146501e-01 -1.118571961877573528e+01 -1.037082074983146501e-01
1.071587664954726793e-01 -1.108064250104588311e+01 -1.071587664954726793e-01
1.106844278768244344e-01 -1.097618607987018713e+01 -1.106844278768244344e-01
1.142855649583666838e-01 -1.087236191872370838e+01 -1.142855649583666838e-01
1.179625168775859101e-01 -1.076918094933362902e+01 -1.179625168775859240e-01
1.217155879031370930e-01 -1.066665348659971180e+01 -1.217155879031370930e-01
1.255450467647350465e-01 -1.056478924340090941e+01 -1.255450467647350465e-01
1.294511260038432587e-01 -1.046359734528235563e+01 -1.294511260038432587e-01
1.334340213457211044e-01 -1.036308634501732939e+01 -1.334340213457211044e-01
1.374938910933715397e-01 -1.026326423703874013e+01 -1.374938910933715397e-01
1.416308555439098615e-01 -1.016413847173526541e+01 -1.416308555439098615e-01
1.458449964278503430e-01 -1.006571596960716342e+01 -1.458449964278503430e-01
1.501363563717885152e-01 -9.968003135277189841e+00 -1.501363563717885152e-01
1.545049383849319558e-01 -9.871005871352254601e+00 -1.545049383849319558e-01
1.589507053699138472e-01 -9.774729592131631506e+00 -1.589507053699138472e-01
1.634735796582916512e-01 -9.679179237157592652e+00 -1.634735796582916789e-01
1.680734425711308266e-01 -9.584359284605348250e+00 -1.680734425711308266e-01
1.727501340050177636e-01 -9.490273764507616505e+00 -1.727501340050177636e-01
1.775034520438652785e-01 -9.396926271812075626e+00 -1.775034520438652785e-01
1.823331525968047151e-01 -9.304319979266910678e+00 -1.823331525968047429e-01
1.872389490624828956e-01 -9.212457650133279330e+00 -1.872389490624828956e-01
1.922205120200117523e-01 -9.121341650720340866e+00 -1.922205120200117523e-01
1.972774689468428100e-01 -9.030973962742072203e+00 -1.972774689468427545e-01
2.024094039637669984e-01 -8.941356195491865222e+00 -2.024094039637669984e-01
2.076158576072685835e-01 -8.852489597834598101e+00 -2.076158576072685835e-01
2.128963266293837642e-01 -8.764375070012567548e+00 -2.128963266293837642e-01
2.182502638252495908e-01 -8.677013175265285483e+00 -2.182502638252495908e-01
2.236770778884473176e-01 -8.590404151259958709e+00 -2.236770778884473176e-01
2.291761332942798268e-01 -8.504547921333021065e+00 -2.291761332942797991e-01
2.347467502110413551e-01 -8.419444105539882983e+00 -2.347467502110413551e-01
2.403882044393764461e-01 -8.335092031513598343e+00 -2.403882044393764461e-01
2.460997273797386198e-01 -8.251490745130023896e+00 -2.460997273797386198e-01
2.518805060280034369e-01 -8.168639020980428711e+00 -2.518805060280033814e-01
2.577296829992015148e-01 -8.086535372649496622e+00 -2.577296829992015703e-01
2.636463565793834007e-01 -8.005178062799979344e+00 -2.636463565793834007e-01
2.696295808055374499e-01 -7.924565113062293165e+00 -2.696295808055374499e-01
2.756783655735318694e-01 -7.844694313730533608e+00 -2.756783655735318694e-01
2.817916767739581663e-01 -7.765563233263558018e+00 -2.817916767739581663e-01
2.879684364558068865e-01 -7.687169227592900000e+00 -2.879684364558068865e-01
2.942075230178111678e-01 -7.609509449236380618e+00 -2.942075230178112233e-01
3.005077714273499123e-01 -7.532580856219436072e+00 -3.005077714273499123e-01
3.068679734667041914e-01 -7.456380220803408676e+00 -3.068679734667041914e-01
3.132868780065216630e-01 -7.380904138022896355e+00 -3.132868780065216630e-01
3.197631913062433662e-01 -7.306149034031718337e+00 -3.197631913062433662e-01
3.262955773413109273e-01 -7.232111174259865827e+00 -3.262955773413109273e-01
3.328826581568689602e-01 -7.158786671381125011e+00 -3.328826581568689602e-01
3.395230142477480006e-01 -7.086171493093996077e+00 -3.395230142477480006e-01
3.462151849644045654e-01 -7.014261469715783903e+00 -3.462151849644045654e-01
3.529576689445715343e-01 -6.943052301592692821e+00 -3.529576689445715343e-01
3.597489245702579774e-01 -6.872539566325955640e+00 -3.597489245702579774e-01
3.665873704498223140e-01 -6.802718725816994549e+00 -3.665873704498223140e-01
3.734713859247241752e-01 -6.733585133131881229e+00 -3.734713859247241752e-01
3.803993116006443853e-01 -6.665134039188080450e+00 -3.803993116006443853e-01
3.873694499025573390e-01 -6.597360599264233905e+00 -3.873694499025573390e-01
3.943800656534013904e-01 -6.530259879335575057e+00 -3.943800656534013349e-01
4.014293866759151563e-01 -6.463826862236438764e+00 -4.014293866759152118e-01
4.085156044172520984e-01 -6.398056453652150033e+00 -4.085156044172520984e-01
4.156368745959141409e-01 -6.332943487942125138e+00 -4.156368745959141409e-01
4.227913178705902664e-01 -6.268482733796420625e+00 -4.227913178705902664e-01
4.299770205304193627e-01 -6.204668899727766807e+00 -4.299770205304192516e-01
4.371920352062344528e-01 -6.141496639401393232e+00 -4.371920352062345083e-01
4.444343816022864324e-01 -6.078960556804703153e+00 -4.444343816022863769e-01
4.517020472479813531e-01 -6.017055211259282999e+00 -4.517020472479812421e-01
4.589929882691086704e-01 -5.955775122277309208e+00 -4.589929882691086704e-01
4.663051301780742341e-01 -5.895114774264928137e+00 -4.663051301780742897e-01
4.736363686825940666e-01 -5.835068621074737116e+00 -4.736363686825940666e-01
4.809845705123438897e-01 -5.775631090409981461e+00 -4.809845705123438897e-01
4.883475742630057903e-01 -5.716796588082645236e+00 -4.883475742630057903e-01
4.957231912571883337e-01 -5.658559502128098551e+00 -4.957231912571883337e-01
5.031092064216431403e-01 -5.600914206778530691e+00 -5.031092064216431403e-01
5.105033791802439103e-01 -5.543855066297814105e+00 -5.105033791802439103e-01
5.179034443621326478e-01 -5.487376438680112045e+00 -5.179034443621326478e-01
5.253071131244905212e-01 -5.431472679214855326e+00 -5.253071131244905212e-01
5.327120738893204033e-01 -5.376138143920419665e+00 -5.327120738893202923e-01
5.401159932936916430e-01 -5.321367192849162819e+00 -5.401159932936916430e-01
5.475165171528229013e-01 -5.267154193266129880e+00 -5.475165171528229013e-01
5.549112714354422771e-01 -5.213493522704097494e+00 -5.549112714354422771e-01
5.622978632507932284e-01 -5.160379571897274253e+00 -5.622978632507931174e-01
5.696738818467188548e-01 -5.107806747596293384e+00 -5.696738818467189658e-01
5.770368996181897137e-01 -5.055769475266837176e+00 -5.770368996181897137e-01
5.843844731256815361e-01 -5.004262201674447574e+00 -5.843844731256815361e-01
5.917141441228024323e-01 -4.953279397357967184e+00 -5.917141441228024323e-01
5.990234405925288774e-01 -4.902815558993975920e+00 -5.990234405925288774e-01
6.063098777914760484e-01 -4.852865211654801669e+00 -6.063098777914760484e-01
6.135709593015467034e-01 -4.803422910962320991e+00 -6.135709593015467034e-01
6.208041780883839511e-01 -4.754483245140146863e+00 -6.208041780883839511e-01
6.280070175659763221e-01 -4.706040836966411511e+00 -6.280070175659762111e-01
6.351769526668324950e-01 -4.658090345629627649e+00 -6.351769526668324950e-01
6.423114509170818609e-01 -4.610626468489854801e+00 -6.423114509170818609e-01
6.494079735159171696e-01 -4.563643942747592774e+00 -6.494079735159169475e-01
6.564639764187337745e-01 -4.517137547022587185e+00 -6.564639764187338855e-01
6.634769114233951548e-01 -4.471102102844909609e+00 -6.634769114233951548e-01
6.704442272589706819e-01 -4.425532476060440423e+00 -6.704442272589706819e-01
6.773633706763878548e-01 -4.380423578153101793e+00 -6.773633706763877438e-01
6.842317875403487459e-01 -4.335770367485877408e+00 -6.842317875403487459e-01
6.910469239219579896e-01 -4.291567850462921108e+00 -6.910469239219579896e-01
6.978062271914177161e-01 -4.247811082614746603e+00 -6.978062271914177161e-01
7.045071471102433147e-01 -4.204495169608723160e+00 -7.045071471102432037e-01
7.111471369223737460e-01 -4.161615268186828587e+00 -7.111471369223738570e-01
7.177236544436175203e-01 -4.119166587032786708e+00 -7.177236544436175203e-01
7.242341631488412590e-01 -4.077144387570540651e+00 -7.242341631488412590e-01
7.306761332563351807e-01 -4.035543984696075448e+00 -7.306761332563351807e-01
7.370470428087803061e-01 -3.994360747444479998e+00 -7.370470428087803061e-01
7.433443787502593825e-01 -3.953590099594212592e+00 -7.433443787502593825e-01
7.495656379987508666e-01 -3.913227520210415200e+00 -7.495656379987509776e-01
7.557083285135570705e-01 -3.873268544129122137e+00 -7.557083285135570705e-01
7.617699703571225722e-01 -3.833708762384185231e+00 -7.617699703571227943e-01
7.677480967507028797e-01 -3.794543822578676728e+00 -7.677480967507028797e-01
7.736402551233527713e-01 -3.755769429202524989e+00 -7.736402551233527713e-01
7.794440081537158393e-01 -3.717381343898088719e+00 -7.794440081537158393e-01
7.851569348040895457e-01 -3.679375385675340837e+00 -7.851569348040895457e-01
7.907766313462692986e-01 -3.641747431078321551e+00 -7.907766313462692986e-01
7.963007123786592922e-01 -3.604493414304434928e+00 -7.963007123786592922e-01
8.017268118341661642e-01 -3.567609327278212117e+00 -8.017268118341661642e-01
8.070525839783873057e-01 -3.531091219681028459e+00 -8.070525839783871946e-01
8.122757043976197577e-01 -3.494935198938343479e+00 -8.122757043976198688e-01
8.173938709762222921e-01 -3.459137430165879046e+00 -8.173938709762224031e-01
8.224048048628702645e-01 -3.423694136076230077e+00 -8.224048048628702645e-01
8.273062514252583766e-01 -3.388601596847276909e+00 -8.273062514252583766e-01
8.320959811928095862e-01 -3.353856149953813315e+00 -8.320959811928095862e-01
8.367717907869560712e-01 -3.319454189963705115e+00 -8.367717907869558491e-01
8.413315038385772437e-01 -3.285392168299924975e+00 -8.413315038385772437e-01
8.457729718921798145e-01 -3.251666592969704173e+00 -8.457729718921798145e-01
8.500940752964164515e-01 -3.218274028262105624e+00 -8.500940752964166736e-01
8.542927240805542333e-01 -3.185211094415196342e+00 -8.542927240805542333e-01
8.583668588165115354e-01 -3.152474467254032131e+00 -8.583668588165115354e-01
8.623144514660865401e-01 -3.120060877800614918e+00 -8.623144514660866511e-01
8.661335062130228746e-01 -3.087967111856939173e+00 -8.661335062130228746e-01
8.698220602795501133e-01 -3.056190009562258947e+00 -8.698220602795501133e-01
8.733781847270796206e-01 -3.024726464925635128e+00 -8.733781847270796206e-01
8.767999852406859196e-01 -2.993573425334772775e+00 -8.767999852406860306e-01
8.800856028971111300e-01 -2.962727891042275186e+00 -8.800856028971111300e-01
8.832332149159140000e-01 -2.932186914630155350e+00 -8.832332149159140000e-01
8.862410353935377127e-01 -2.901947600453730569e+00 -8.862410353935378238e-01
8.891073160199357561e-01 -2.872007104065688043e+00 -8.891073160199358671e-01
8.918303467775495763e-01 -2.842362631621390356e+00 -8.918303467775495763e-01
8.944084566223005073e-01 -2.813011439266150937e+00 -8.944084566223006183e-01
8.968400141464146769e-01 -2.783950832505504458e+00 -8.968400141464146769e-01
8.991234282227569263e-01 -2.755178165559162728e+00 -8.991234282227569263e-01
9.012571486305224200e-01 -2.726690840699623752e+00 -9.012571486305225310e-01
9.032396666619776360e-01 -2.698486307576076992e+00 -9.032396666619776360e-01
9.050695157101266153e-01 -2.670562062524536984e+00 -9.050695157101265043e-01
9.067452718370110354e-01 -2.642915647864804374e+00 -9.067452718370110354e-01
9.082655543225455208e-01 -2.615544651185128799e+00 -9.082655543225455208e-01
9.096290261936157417e-01 -2.588446704615149585e+00 -9.096290261936157417e-01
9.108343947333642499e-01 -2.561619484087942933e+00 -9.108343947333641388e-01
9.118804119704132516e-01 -2.535060708591703627e+00 -9.118804119704132516e-01
9.127658751479711396e-01 -2.508768139411871712e+00 -9.127658751479711396e-01
9.134896271725914119e-01 -2.482739579364162452e+00 -9.134896271725913008e-01
9.140505570425544457e-01 -2.456972872019311360e+00 -9.140505570425544457e-01
9.144476002556660710e-01 -2.431465900919940637e+00 -9.144476002556660710e-01
9.146797391964540669e-01 -2.406216588790306421e+00 -9.146797391964541779e-01
9.147460035025890557e-01 -2.381222896739342509e+00 -9.147460035025892777e-01
9.146454704105270173e-01 -2.356482823457691111e+00 -9.146454704105270173e-01
9.143772650802215463e-01 -2.331994404409126975e+00 -9.143772650802215463e-01
9.139405608989248364e-01 -2.307755711017025035e+00 -9.139405608989250585e-01
9.133345797639401686e-01 -2.283764849846227740e+00 -9.133345797639401686e-01
9.125585923443884084e-01 -2.260019961781045694e+00 -9.125585923443884084e-01
9.116119183218303057e-01 -2.236519221199514629e+00 -9.116119183218303057e-01
9.104939266098723838e-01 -2.213260835144822192e+00 -9.104939266098724948e-01
9.092040355525904394e-01 -2.190243042493906778e+00 -9.092040355525905504e-01
9.077417131019247520e-01 -2.167464113124100145e+00 -9.077417131019247520e-01
9.061064769739078928e-01 -2.144922347077849345e+00 -9.061064769739078928e-01
9.042978947838915538e-01 -2.122616073726329766e+00 -9.042978947838915538e-01
9.023155841606529393e-01 -2.100543650931982587e+00 -9.023155841606529393e-01
9.001592128395740078e-01 -2.078703464210757801e+00 -9.001592128395740078e-01
8.978284987347849855e-01 -2.057093925894076580e+00 -8.978284987347849855e-01
8.953232099904875341e-01 -2.035713474291284797e+00 -8.953232099904876451e-01
8.926431650113706429e-01 -2.014560572852585274e+00 -8.926431650113706429e-01
8.897882324723491720e-01 -1.993633709333206161e+00 -8.897882324723491720e-01
8.867583313075567686e-01 -1.972931394958778784e+00 -8.867583313075567686e-01
8.835534306788452863e-01 -1.952452163592661050e+00 -8.835534306788451753e-01
8.801735499237354210e-01 -1.932194570905172881e+00 -8.801735499237355320e-01
8.766187584830934520e-01 -1.912157193545459766e+00 -8.766187584830933410e-01
8.728891758084879049e-01 -1.892338628315934024e+00 -8.728891758084879049e-01
8.689849712495290035e-01 -1.872737491350011885e+00 -8.689849712495290035e-01
8.649063639211567178e-01 -1.853352417293063548e+00 -8.649063639211567178e-01
8.606536225511892679e-01 -1.834182058487291656e+00 -8.606536225511892679e-01
8.562270653081307525e-01 -1.815225084160459135e+00 -8.562270653081308636e-01
8.516270596095530943e-01 -1.796480179619138307e+00 -8.516270596095530943e-01
8.468540219110692879e-01 -1.777946045446421319e+00 -8.468540219110692879e-01
8.419084174762264672e-01 -1.759621396704721619e+00 -8.419084174762264672e-01
8.367907601273740781e-01 -1.741504962143678226e+00 -8.367907601273740781e-01
8.315016119778020354e-01 -1.723595483413636664e+00 -8.315016119778020354e-01
8.260415831452716517e-01 -1.705891714284861971e+00 -8.260415831452716517e-01
8.204113314472154528e-01 -1.688392419872859040e+00 -8.204113314472154528e-01
8.146115620777569788e-01 -1.671096375869978168e+00 -8.146115620777569788e-01
8.086430272668334585e-01 -1.654002367783669714e+00 -8.086430272668336805e-01
8.025065259215925506e-01 -1.637109190181547325e+00 -8.025065259215925506e-01
7.962029032503517012e-01 -1.620415645943635408e+00 -7.962029032503517012e-01
7.897330503693156256e-01 -1.603920545521947627e+00 -7.897330503693157366e-01
7.830979038923419067e-01 -1.587622706207750589e+00 -7.830979038923421287e-01
7.762984455039668719e-01 -1.571520951406674804e+00 -7.762984455039668719e-01
7.693357015159960621e-01 -1.555614109922007104e+00 -7.693357015159960621e-01
7.622107424078840010e-01 -1.539901015246326166e+00 -7.622107424078840010e-01
7.549246823512143489e-01 -1.524380504861810648e+00 -7.549246823512143489e-01
7.474786787185161430e-01 -1.509051419549363393e+00 -7.474786787185159209e-01
7.398739315767468572e-01 -1.493912602706904735e+00 -7.398739315767470792e-01
7.321116831656823143e-01 -1.478962899676932841e+00 -7.321116831656823143e-01
7.241932173615477364e-01 -1.464201157083731220e+00 -7.241932173615475143e-01
7.161198591261550561e-01 -1.449626222180310897e+00 -7.161198591261550561e-01
7.078929739418842182e-01 -1.435236942205437405e+00 -7.078929739418842182e-01
6.995139672327735925e-01 -1.421032163750859389e+00 -6.995139672327735925e-01
6.909842837720786557e-01 -1.407010732139061915e+00 -6.909842837720786557e-01
6.823054070765727230e-01 -1.393171490811661473e+00 -6.823054070765727230e-01
6.734788587879463329e-01 -1.379513280728755342e+00 -6.734788587879463329e-01
6.645061980416009373e-01 -1.366034939779358748e+00 -6.645061980416009373e-01
6.553890208231863967e-01 -1.352735302203193379e+00 -6.553890208231866188e-01
6.461289593132042430e-01 -1.339613198024007357e+00 -6.461289593132042430e-01
6.367276812200153291e-01 -1.326667452494647348e+00 -6.367276812200153291e-01
6.271868891015914826e-01 -1.313896885554068472e+00 -6.271868891015915937e-01
6.175083196763542226e-01 -1.301300311296499812e+00 -6.175083196763543336e-01
6.076937431234435971e-01 -1.288876537452942950e+00 -6.076937431234437081e-01
5.977449623727696393e-01 -1.276624364885211138e+00 -5.977449623727696393e-01
5.876638123851966045e-01 -1.264542587092690740e+00 -5.876638123851967155e-01
5.774521594232088217e-01 -1.252629989732010118e+00 -5.774521594232087107e-01
5.671119003124269753e-01 -1.240885350149806277e+00 -5.671119003124269753e-01
5.566449616943179857e-01 -1.229307436928761543e+00 -5.566449616943179857e-01
5.460532992704736355e-01 -1.217895009447087284e+00 -5.460532992704735245e-01
5.353388970388103241e-01 -1.206646817451631826e+00 -5.353388970388103241e-01
5.245037665220635414e-01 -1.195561600644770017e+00 -5.245037665220635414e-01
5.135499459889346641e-01 -1.184638088285254520e+00 -5.135499459889346641e-01
5.024794996682669934e-01 -1.173874998803172032e+00 -5.024794996682669934e-01
4.912945169566143022e-01 -1.163271039429171427e+00 -4.912945169566143577e-01
4.799971116195747567e-01 -1.152824905838115255e+00 -4.799971116195747567e-01
4.685894209872638050e-01 -1.142535281807297798e+00 -4.685894209872638605e-01
4.570736051442951253e-01 -1.132400838889371375e+00 -4.570736051442951253e-01
4.454518461146455555e-01 -1.122420236100127644e+00 -4.454518461146456110e-01
4.337263470417789812e-01 -1.112592119621256703e+00 -4.337263470417789812e-01
4.218993313644024412e-01 -1.102915122518220326e+00 -4.218993313644023857e-01
4.099730419882285370e-01 -1.093387864473359006e+00 -4.099730419882285370e-01
3.979497404541234018e-01 -1.084008951534354503e+00 -3.979497404541234018e-01
3.858317061030090978e-01 -1.074776975878154905e+00 -3.858317061030090422e-01
3.736212352379040813e-01 -1.065690515590474341e+00 -3.736212352379040813e-01
3.613206402834672759e-01 -1.056748134460969046e+00 -3.613206402834672759e-01
3.489322489434307228e-01 -1.047948381794189920e+00 -3.489322489434307228e-01
3.364584033562818544e-01 -1.039289792236382404e+00 -3.364584033562818544e-01
3.239014592495850220e-01 -1.030770885618255583e+00 -3.239014592495850220e-01
3.112637850932984396e-01 -1.022390166813754941e+00 -3.112637850932984396e-01
2.985477612524709001e-01 -1.014146125614942884e+00 -2.985477612524710112e-01
2.857557791396806990e-01 -1.006037236623044562e+00 -2.857557791396807545e-01
2.728902403675910193e-01 -9.980619591557087222e-01 -2.728902403675909638e-01
2.599535559019862663e-01 -9.902187371705464258e-01 -2.599535559019862663e-01
2.469481452156574719e-01 -9.825059992049942625e-01 -2.469481452156574719e-01
2.338764354435024784e-01 -9.749221583325308194e-01 -2.338764354435025339e-01
2.207408605392015555e-01 -9.674656121352884774e-01 -2.207408605392015555e-01
2.075438604338298298e-01 -9.601347426930881834e-01 -2.075438604338298021e-01
1.942878801967671265e-01 -9.529279165888955294e-01 -1.942878801967671543e-01
1.809753691992619651e-01 -9.458434849307429948e-01 -1.809753691992619928e-01
1.676087802810012906e-01 -9.388797833900727197e-01 -1.676087802810012350e-01
1.541905689200413487e-01 -9.320351322565617602e-01 -1.541905689200413487e-01
1.407231924064470674e-01 -9.253078365093420077e-01 -1.407231924064470396e-01
1.272091090199864438e-01 -9.186961859046652856e-01 -1.272091090199864993e-01
1.136507772122276605e-01 -9.121984550799333569e-01 -1.136507772122276050e-01
1.000506547933727453e-01 -9.058129036740905082e-01 -1.000506547933727591e-01
8.641119812417304147e-02 -8.995377764643234242e-01 -8.641119812417301371e-02
7.273486131325423987e-02 -8.933713035190236074e-01 -7.273486131325426762e-02
5.902409542018630106e-02 -8.873117003669197533e-01 -5.902409542018631494e-02
4.528134766463411814e-02 -8.813571681823993975e-01 -4.528134766463409733e-02
3.150906064188670197e-02 -8.755058939868242129e-01 -3.150906064188675054e-02
1.770967154511720459e-02 -8.697560508658632727e-01 -1.770967154511723235e-02
3.885611394669492586e-03 -8.641057982026729700e-01 -3.885611394669439243e-03
-9.960695725299348671e-03 -8.585532819269000582e-01 9.960695725299331324e-03
-2.382683342254061573e-02 -8.530966347793138560e-01 2.382683342254054634e-02
-3.771039374445923215e-02 -8.477339765920245407e-01 3.771039374445919745e-02
-5.160897791761029363e-02 -8.424634145841062294e-01 5.160897791761030057e-02
-6.552019707862809239e-02 -8.372830436725561265e-01 6.552019707862812015e-02
-7.944167299632719226e-02 -8.321909467983619191e-01 7.944167299632724777e-02
-9.337103878465487228e-02 -8.271851952676106956e-01 9.337103878465484452e-02
-1.073059396062375909e-01 -8.222638491074109046e-01 1.073059396062376464e-01
-1.212440333662242881e-01 -8.174249574365309856e-01 1.212440333662243575e-01
-1.351829913961820062e-01 -8.126665588504974336e-01 1.351829913961820617e-01
-1.491204991277460812e-01 -8.079866818210450496e-01 1.491204991277460534e-01
-1.630542567557836386e-01 -8.033833451096578093e-01 1.630542567557836386e-01
-1.769819798907987518e-01 -7.988545581950748931e-01 1.769819798907987241e-01
-1.909014002003490418e-01 -7.943983217144651165e-01 1.909014002003490973e-01
-2.048102660392049079e-01 -7.900126279181328703e-01 2.048102660392048247e-01
-2.187063430680184772e-01 -7.856954611374625808e-01 2.187063430680184772e-01
-2.325874148602742608e-01 -7.814447982659338265e-01 2.325874148602743163e-01
-2.464512834972876487e-01 -7.772586092528919188e-01 2.464512834972876487e-01
-2.602957701510241750e-01 -7.731348576098882042e-01 2.602957701510241750e-01
-2.741187156545266124e-01 -7.690715009292756754e-01 2.741187156545267234e-01
-2.879179810597319866e-01 -7.650664914148600504e-01 2.879179810597319866e-01
-3.016914481824879424e-01 -7.611177764242477162e-01 3.016914481824879424e-01
-3.154370201345518265e-01 -7.572232990226896998e-01 3.154370201345518820e-01
-3.291526218423827532e-01 -7.533809985480618421e-01 3.291526218423826422e-01
-3.428362005525549816e-01 -7.495888111867523573e-01 3.428362005525549261e-01
-3.564857263235811091e-01 -7.458446705600849658e-01 3.564857263235810536e-01
-3.700991925040175157e-01 -7.421465083210182501e-01 3.700991925040174602e-01
-3.836746161966259061e-01 -7.384922547607505328e-01 3.836746161966259061e-01
-3.972100387084893658e-01 -7.348798394249732580e-01 3.972100387084893658e-01
-4.107035259868700994e-01 -7.313071917393628718e-01 4.107035259868702104e-01
-4.241531690407255306e-01 -7.277722416440175479e-01 4.241531690407255306e-01
-4.375570843476727090e-01 -7.242729202364794894e-01 4.375570843476727090e-01
-4.509134142463294137e-01 -7.208071604229931983e-01 4.509134142463295247e-01
-4.642203273138511554e-01 -7.173728975776265671e-01 4.642203273138509889e-01
-4.774760187285953528e-01 -7.139680702088989639e-01 4.774760187285954638e-01
-4.906787106177466495e-01 -7.105906206335348418e-01 4.906787106177465940e-01
-5.038266523898484728e-01 -7.072384956569887082e-01 5.038266523898485838e-01
-5.169181210520867875e-01 -7.039096472603147969e-01 5.169181210520867875e-01
-5.299514215122989036e-01 -7.006020332930336103e-01 5.299514215122987926e-01
-5.429248868655510707e-01 -6.973136181715560156e-01 5.429248868655510707e-01
-5.558368786652747584e-01 -6.940423735828292751e-01 5.558368786652747584e-01
-5.686857871788261187e-01 -6.907862791927195101e-01 5.686857871788262297e-01
-5.814700316274769021e-01 -6.875433233587824322e-01 5.814700316274770131e-01
-5.941880604107027120e-01 -6.843115038469714806e-01 5.941880604107027120e-01
-6.068383513147945774e-01 -6.810888285518967855e-01 6.068383513147944663e-01
-6.194194117056868176e-01 -6.778733162201678875e-01 6.194194117056868176e-01
-6.319297787060299543e-01 -6.746629971764364075e-01 6.319297787060299543e-01
-6.443680193564170766e-01 -6.714559140516649371e-01 6.443680193564170766e-01
-6.567327307608117337e-01 -6.682501225132390088e-01 6.567327307608118447e-01
-6.690225402161052992e-01 -6.650436919964246574e-01 6.690225402161052992e-01
-6.812361053258423338e-01 -6.618347064367862131e-01 6.812361053258422228e-01
-6.933721140980925179e-01 -6.586212650030590643e-01 6.933721140980924069e-01
-7.054292850275070137e-01 -6.554014828301120144e-01 7.054292850275070137e-01
-7.174063671615340532e-01 -6.521734917514619978e-01 7.174063671615340532e-01
-7.293021401508704704e-01 -6.489354410309544630e-01 7.293021401508704704e-01
-7.411154142841376302e-01 -6.456854980931189258e-01 7.411154142841376302e-01
-7.528450305068674631e-01 -6.424218492517761447e-01 7.528450305068676851e-01
-7.644898604247951646e-01 -6.391427004364040876e-01 7.644898604247950535e-01
-7.760488062915645857e-01 -6.358462779158480238e-01 7.760488062915643637e-01
-7.875208009808679632e-01 -6.325308290188615956e-01 7.875208009808679632e-01
-7.989048079431364524e-01 -6.291946228510906236e-01 7.989048079431364524e-01
-8.101998211468008915e-01 -6.258359510079687382e-01 8.101998211468010025e-01
-8.214048650042669042e-01 -6.224531282831270440e-01 8.214048650042670152e-01
-8.325189942826511924e-01 -6.190444933717984544e-01 8.325189942826511924e-01
-8.435412939994244574e-01 -6.156084095688274527e-01 8.435412939994244574e-01
-8.544708793030137972e-01 -6.121432654607633639e-01 8.544708793030136862e-01
-8.653068953385323336e-01 -6.086474756116225793e-01 8.653068953385324447e-01
-8.760485170987197812e-01 -6.051194812418324576e-01 8.760485170987197812e-01
-8.866949492602576033e-01 -6.015577508999464529e-01 8.866949492602578253e-01
-8.972454260055525710e-01 -5.979607811266228756e-01 8.972454260055525710e-01
-9.076992108301790152e-01 -5.943270971104689382e-01 9.076992108301792372e-01
-9.180555963360848004e-01 -5.906552533352540379e-01 9.180555963360849114e-01
-9.283139040107747375e-01 -5.869438342181042545e-01 9.283139040107745155e-01
-9.384734839925644723e-01 -5.831914547381678027e-01 9.384734839925644723e-01
-9.485337148221480996e-01 -5.793967610553772962e-01 9.485337148221480996e-01
-9.584940031806001848e-01 -5.755584311188226554e-01 9.584940031805999627e-01
-9.683537836140498900e-01 -5.716751752643343121e-01 9.683537836140497790e-01
-9.781125182451614331e-01 -5.677457368008325123e-01 9.781125182451614331e-01
-9.877696964716748962e-01 -5.637688925850261601e-01 9.877696964716747852e-01
-9.973248346521654817e-01 -5.597434535840326575e-01 9.973248346521654817e-01
-1.006777475779283337e+00 -5.556682654255193921e-01 1.006777475779283337e+00
-1.016127189140630716e+00 -5.515422089349419910e-01 1.016127189140630716e+00
-1.025373569967556353e+00 -5.473642006594784393e-01 1.025373569967556131e+00
-1.034516239072059474e+00 -5.431331933782657106e-01 1.034516239072059252e+00
-1.043554842472076416e+00 -5.388481765985488892e-01 1.043554842472076416e+00
-1.052489051005341070e+00 -5.345081770373323327e-01 1.052489051005341292e+00
-1.061318559932121319e+00 -5.301122590881826024e-01 1.061318559932121319e+00
-1.070043088527052433e+00 -5.256595252727928047e-01 1.070043088527052655e+00
-1.078662379660338289e+00 -5.211491166769386396e-01 1.078662379660338289e+00
-1.087176199368586227e+00 -5.165802133704729959e-01 1.087176199368586227e+00
-1.095584336415543536e+00 -5.119520348110032648e-01 1.095584336415543536e+00
-1.103886601843016457e+00 -5.072638402309047612e-01 1.103886601843016679e+00
-1.112082828512249266e+00 -5.025149290073361863e-01 1.112082828512249266e+00
-1.120172870636053419e+00 -4.977046410149168487e-01 1.120172870636053419e+00
-1.128156603301978089e+00 -4.928323569607641619e-01 1.128156603301978089e+00
-1.136033921986818740e+00 -4.878974987015541886e-01 1.136033921986818518e+00
-1.143804742062764390e+00 -4.828995295423200718e-01 1.143804742062764390e+00
-1.151468998295491764e+00 -4.778379545166777098e-01 1.151468998295491986e+00
-1.159026644334520961e+00 -4.727123206482141682e-01 1.159026644334520961e+00
-1.166477652196133086e+00 -4.675222171927310710e-01 1.166477652196132864e+00
-1.173822011739192650e+00 -4.622672758611035548e-01 1.173822011739192872e+00
-1.181059730134176755e+00 -4.569471710224783378e-01 1.181059730134176755e+00
-1.188190831325750985e+00 -4.515616198875795906e-01 1.188190831325750985e+00
-1.195215355489220421e+00 -4.461103826718667009e-01 1.195215355489220421e+00
-1.202133358481188630e+00 -4.405932627383304934e-01 1.202133358481188630e+00
-1.208944911284768775e+00 -4.350101067197089111e-01 1.208944911284768997e+00
-1.215650099449680166e+00 -4.293608046199065553e-01 1.215650099449679722e+00
-1.222249022527583717e+00 -4.236452898944361167e-01 1.222249022527583939e+00
-1.228741793503002278e+00 -4.178635395096920169e-01 1.228741793503002278e+00
-1.235128538220172656e+00 -4.120155739808815665e-01 1.235128538220172434e+00
-1.241409394806187949e+00 -4.061014573884476619e-01 1.241409394806187949e+00
-1.247584513090785885e+00 -4.001212973728500710e-01 1.247584513090785885e+00
-1.253654054023140452e+00 -3.940752451075486551e-01 1.253654054023140452e+00
-1.259618189086016748e+00 -3.879634952500677358e-01 1.259618189086016526e+00
-1.265477099707656317e+00 -3.817862858710324714e-01 1.265477099707655873e+00
-1.271230976671753776e+00 -3.755438983610707715e-01 1.271230976671754220e+00
-1.276880019525894472e+00 -3.692366573154818310e-01 1.276880019525894694e+00
-1.282424435988814837e+00 -3.628649303966131057e-01 1.282424435988815281e+00
-1.287864441356868284e+00 -3.564291281738609096e-01 1.287864441356868284e+00
-1.293200257910050111e+00 -3.499297039412498367e-01 1.293200257910050111e+00
-1.298432114317967123e+00 -3.433671535125503715e-01 1.298432114317967345e+00
-1.303560245046117450e+00 -3.367420149939056029e-01 1.303560245046117227e+00
-1.308584889762854253e+00 -3.300548685339561028e-01 1.308584889762854253e+00
-1.313506292747409265e+00 -3.233063360514470963e-01 1.313506292747409487e+00
-1.318324702299349838e+00 -3.164970809403496177e-01 1.318324702299350504e+00
-1.323040370149835443e+00 -3.096278077525056460e-01 1.323040370149835221e+00
-1.327653550875061539e+00 -3.026992618578308036e-01 1.327653550875061761e+00
-1.332164501312253391e+00 -2.957122290821385668e-01 1.332164501312253391e+00
-1.336573479978585555e+00 -2.886675353226311747e-01 1.336573479978585555e+00
-1.340880746493395836e+00 -2.815660461411587656e-01 1.340880746493395392e+00
-1.345086561004077419e+00 -2.744086663353057509e-01 1.345086561004077419e+00
-1.349191183616002210e+00 -2.671963394874251052e-01 1.349191183616002210e+00
-1.353194873826859101e+00 -2.599300474917389248e-01 1.353194873826859101e+00
-1.357097889965760640e+00 -2.526108100596296535e-01 1.357097889965760862e+00
-1.360900488637500905e+00 -2.452396842032553148e-01 1.360900488637500905e+00
-1.364602924172312770e+00 -2.378177636976559484e-01 1.364602924172312770e+00
-1.368205448081495801e+00 -2.303461785215200897e-01 1.368205448081496023e+00
-1.371708308519270059e+00 -2.228260942767923414e-01 1.371708308519270059e+00
-1.375111749751217749e+00 -2.152587115873039747e-01 1.375111749751217971e+00
-1.378416011629661764e+00 -2.076452654766580974e-01 1.378416011629661764e+00
-1.381621329076339277e+00 -1.999870247255694233e-01 1.381621329076339499e+00
-1.384727931572709902e+00 -1.922852912089123845e-01 1.384727931572710125e+00
-1.387736042658257452e+00 -1.845413992127059588e-01 1.387736042658257452e+00
-1.390645879437115040e+00 -1.767567147313091891e-01 1.390645879437114818e+00
-1.393457652093360588e+00 -1.689326347450899879e-01 1.393457652093361032e+00
-1.396171563415312011e+00 -1.610705864788763986e-01 1.396171563415312233e+00
-1.398787808329158278e+00 -1.531720266414498544e-01 1.398787808329158278e+00
-1.401306573442249181e+00 -1.452384406464244659e-01 1.401306573442249181e+00
-1.403728036596369799e+00 -1.372713418148258369e-01 1.403728036596370243e+00
-1.406052366431314704e+00 -1.292722705597015020e-01 1.406052366431314926e+00
-1.408279721959074804e+00 -1.212427935531167067e-01 1.408279721959074804e+00
-1.410410252148953214e+00 -1.131845028758848987e-01 1.410410252148953214e+00
-1.412444095523901488e+00 -1.050990151504220260e-01 1.412444095523901266e+00
-1.414381379768383296e+00 -9.698797065709470477e-02 1.414381379768383296e+00
-1.416222221348056864e+00 -8.885303243446983357e-02 1.416222221348057309e+00
-1.417966725141559525e+00 -8.069588536384898758e-02 1.417966725141559525e+00
-1.419614984084681231e+00 -7.251823523853773157e-02 1.419614984084681231e+00
-1.421167078827201724e+00 -6.432180781825906635e-02 1.421167078827201946e+00
-1.422623077402652925e+00 -5.610834786916129441e-02 1.422623077402652703e+00
-1.423983034911285195e+00 -4.787961818985052992e-02 1.423983034911285195e+00
-1.425246993216478852e+00 -3.963739862394319996e-02 1.425246993216478852e+00
-1.426414980654858722e+00 -3.138348505958447193e-02 1.426414980654858722e+00
-1.427487011760359303e+00 -2.311968841643093076e-02 1.427487011760359303e+00
-1.428463087002465937e+00 -1.484783362057086678e-02 1.428463087002465937e+00
-1.429343192538871765e+00 -6.569758567901544562e-03 1.429343192538871765e+00
-1.430127299982768774e+00 1.712686923522568254e-03 1.430127299982768774e+00
-1.430815366184986503e+00 9.997642171669696848e-03 1.430815366184986948e+00
-1.431407333031190277e+00 1.828323669869348633e-02 1.431407333031190277e+00
-1.431903127254333219e+00 2.656759130854581541e-02 1.431903127254333219e+00
-1.432302660262562810e+00 3.484881917348246760e-02 1.432302660262563254e+00
-1.432605827982754265e+00 4.312502692892195705e-02 1.432605827982754265e+00
-1.432812510719858601e+00 5.139431577608803703e-02 1.432812510719858601e+00
-1.432922573032226143e+00 5.965478259186327015e-02 1.432922573032226143e+00
-1.432935863623068906e+00 6.790452104526835397e-02 1.432935863623068906e+00
-1.432852215248212158e+00 7.614162272000130072e-02 1.432852215248212602e+00
-1.432671444640276626e+00 8.436417824241815300e-02 1.432671444640276626e+00
-1.432393352449425894e+00 9.257027841439083304e-02 1.432393352449425894e+00
-1.432017723200811554e+00 1.007580153503968706e-01 1.432017723200811554e+00
-1.431544325268817586e+00 1.089254836182618619e-01 1.431544325268817142e+00
-1.430972910868230308e+00 1.170707813829200417e-01 1.430972910868230308e+00
-1.430303216062414728e+00 1.251920115525909649e-01 1.430303216062414728e+00
-1.429534960788603204e+00 1.332872829267151282e-01 1.429534960788602982e+00
-1.428667848900361692e+00 1.413547113450478454e-01 1.428667848900361692e+00
-1.427701568227317974e+00 1.493924208372541806e-01 1.427701568227317974e+00
-1.426635790652203140e+00 1.573985447723937614e-01 1.426635790652203140e+00
-1.425470172205265618e+00 1.653712270076026503e-01 1.425470172205265618e+00
-1.424204353176095950e+00 1.733086230353867996e-01 1.424204353176095950e+00
-1.422837958242898493e+00 1.812089011288307572e-01 1.422837958242898493e+00
-1.421370596619232707e+00 1.890702434841018964e-01 1.421370596619232707e+00
-1.419801862218234234e+00 1.968908473595682440e-01 1.419801862218234234e+00
-1.418131333834328434e+00 2.046689262109043783e-01 1.418131333834328434e+00
-1.416358575342420822e+00 2.124027108215049975e-01 1.416358575342420822e+00
-1.414483135914554213e+00 2.200904504275673912e-01 1.414483135914554435e+00
-1.412504550254007230e+00 2.277304138371692988e-01 1.412504550254007230e+00
-1.410422338846798906e+00 2.353208905426932007e-01 1.410422338846798906e+00
-1.408236008230548952e+00 2.428601918259371828e-01 1.408236008230548730e+00
-1.405945051280646396e+00 2.503466518552602271e-01 1.405945051280646396e+00
-1.403548947513656886e+00 2.577786287740930771e-01 1.403548947513656886e+00
-1.401047163407893592e+00 2.651545057801716343e-01 1.401047163407893592e+00
-1.398439152741068003e+00 2.724726921948322778e-01 1.398439152741067559e+00
-1.395724356944922473e+00 2.797316245217376651e-01 1.395724356944922473e+00
-1.392902205476748145e+00 2.869297674943442344e-01 1.392902205476748145e+00
-1.389972116207659703e+00 2.940656151115135231e-01 1.389972116207659480e+00
-1.386933495827515239e+00 3.011376916605940091e-01 1.386933495827515461e+00
-1.383785740266337383e+00 3.081445527273485863e-01 1.383785740266337383e+00
-1.380528235132095105e+00 3.150847861920930137e-01 1.380528235132095549e+00
-1.377160356164692123e+00 3.219570132114127348e-01 1.377160356164692123e+00
-1.373681469705995362e+00 3.287598891848431126e-01 1.373681469705995362e+00
-1.370090933185728277e+00 3.354921047058854744e-01 1.370090933185728721e+00
-1.366388095623053411e+00 3.421523864967522810e-01 1.366388095623053411e+00
-1.362572298143635674e+00 3.487394983262367965e-01 1.362572298143635896e+00
-1.358642874511999610e+00 3.552522419101107887e-01 1.358642874511999388e+00
-1.354599151678957059e+00 3.616894577934459676e-01 1.354599151678957059e+00
-1.350440450343884269e+00 3.680500262142983314e-01 1.350440450343884269e+00
-1.346166085531625534e+00 3.743328679481542909e-01 1.346166085531625978e+00
-1.341775367183768441e+00 3.805369451325990027e-01 1.341775367183768441e+00
-1.337267600764052489e+00 3.866612620716159410e-01 1.337267600764052045e+00
-1.332642087877645709e+00 3.927048660190074481e-01 1.332642087877645709e+00
-1.327898126904025755e+00 3.986668479403638887e-01 1.327898126904025755e+00
-1.323035013643179214e+00 4.045463432530723713e-01 1.323035013643179214e+00
-1.318052041974843824e+00 4.103425325438407878e-01 1.318052041974843602e+00
-1.312948504530491833e+00 4.160546422632332986e-01 1.312948504530492055e+00
-1.307723693377753404e+00 4.216819453967166065e-01 1.307723693377753404e+00
-1.302376900716965658e+00 4.272237621117379036e-01 1.302376900716965880e+00
-1.296907419589531596e+00 4.326794603803657546e-01 1.296907419589531596e+00
-1.291314544597755631e+00 4.380484565770262351e-01 1.291314544597756075e+00
-1.285597572635820196e+00 4.433302160508978962e-01 1.285597572635820196e+00
-1.279755803631559941e+00 4.485242536725334572e-01 1.279755803631559941e+00
-1.273788541298680688e+00 4.536301343542797904e-01 1.273788541298680688e+00
-1.267695093899060099e+00 4.586474735441095629e-01 1.267695093899060099e+00
-1.261474775014767680e+00 4.635759376924522002e-01 1.261474775014767680e+00
-1.255126904329419979e+00 4.684152446916811652e-01 1.255126904329419979e+00
-1.248650808418499070e+00 4.731651642878659247e-01 1.248650808418499070e+00
-1.242045821548236617e+00 4.778255184644675801e-01 1.242045821548236839e+00
-1.235311286482670523e+00 4.823961817976485933e-01 1.235311286482670523e+00
-1.228446555298469578e+00 4.868770817828744213e-01 1.228446555298469578e+00
-1.221450990207118448e+00 4.912681991325306696e-01 1.221450990207118448e+00
-1.214323964384043997e+00 4.955695680442595008e-01 1.214323964384043997e+00
-1.207064862804261729e+00 4.997812764397868701e-01 1.207064862804261951e+00
-1.199673083084114023e+00 5.039034661739553167e-01 1.199673083084113800e+00
-1.192148036328667393e+00 5.079363332137915021e-01 1.192148036328667393e+00
-1.184489147984323809e+00 5.118801277873568090e-01 1.184489147984323587e+00
-1.176695858696208852e+00 5.157351545022317296e-01 1.176695858696208852e+00
-1.168767625169876423e+00 5.195017724334425324e-01 1.168767625169876201e+00
-1.160703921036883468e+00 5.231803951807041386e-01 1.160703921036883246e+00
-1.152504237723766867e+00 5.267714908948321062e-01 1.152504237723766867e+00
-1.144168085323963302e+00 5.302755822732313495e-01 1.144168085323963302e+00
-1.135694993472195824e+00 5.336932465243713342e-01 1.135694993472195602e+00
-1.127084512220861257e+00 5.370251153011756928e-01 1.127084512220861034e+00
-1.118336212917933725e+00 5.402718746032866282e-01 1.118336212917933725e+00
-1.109449689085904911e+00 5.434342646481737926e-01 1.109449689085904911e+00
-1.100424557301277195e+00 5.465130797110935301e-01 1.100424557301277417e+00
-1.091260458074122530e+00 5.495091679339019208e-01 1.091260458074122530e+00
-1.081957056727200772e+00 5.524234311027774735e-01 1.081957056727200772e+00
-1.072514044274175848e+00 5.552568243948933224e-01 1.072514044274175626e+00
-1.062931138296388855e+00 5.580103560941499508e-01 1.062931138296388633e+00
-1.053208083817723573e+00 5.606850872760423821e-01 1.053208083817723351e+00
-1.043344654177039921e+00 5.632821314618186026e-01 1.043344654177039921e+00
-1.033340651897694862e+00 5.658026542420477867e-01 1.033340651897694862e+00
-1.023195909553609173e+00 5.682478728698104886e-01 1.023195909553609617e+00
-1.012910290631408250e+00 5.706190558236544641e-01 1.012910290631408472e+00
-1.002483690388102922e+00 5.729175223405852391e-01 1.002483690388103144e+00
-9.919160367038227788e-01 5.751446419192915993e-01 9.919160367038228898e-01
-9.812072909290585621e-01 5.773018337938979894e-01 9.812072909290587841e-01
-9.703574487259374326e-01 5.793905663784992832e-01 9.703574487259374326e-01
-9.593665409029865643e-01 5.814123566828218737e-01 9.593665409029867863e-01
-9.482346342429128772e-01 5.833687696993120619e-01 9.482346342429130992e-01
-9.369618323228283696e-01 5.852614177620234504e-01 9.369618323228283696e-01
-9.255482763264682999e-01 5.870919598776712656e-01 9.255482763264682999e-01
-9.139941458478463288e-01 5.888621010292696134e-01 9.139941458478463288e-01
-9.022996596858722240e-01 5.905735914527452390e-01 9.022996596858722240e-01
-8.904650766293750186e-01 5.922282258870071869e-01 8.904650766293750186e-01
-8.784906962320750967e-01 5.938278427979156726e-01 8.784906962320750967e-01
-8.663768595769474334e-01 5.953743235766534303e-01 8.663768595769473224e-01
-8.541239500295216835e-01 5.968695917130085737e-01 8.541239500295216835e-01
-8.417323939795535725e-01 5.983156119441033205e-01 8.417323939795535725e-01
-8.292026615706220571e-01 5.997143893791287983e-01 8.292026615706220571e-01
-8.165352674171083569e-01 6.010679686006628053e-01 8.165352674171083569e-01
-8.037307713080908966e-01 6.023784327431735974e-01 8.037307713080908966e-01
-7.907897788976407938e-01 6.036479025493260986e-01 7.907897788976407938e-01
-7.777129423810208442e-01 6.048785354047464535e-01 7.777129423810208442e-01
-7.645009611563148288e-01 6.060725243518927385e-01 7.645009611563149399e-01
-7.511545824709974228e-01 6.072320970837303822e-01 7.511545824709974228e-01
-7.376746020529502124e-01 6.083595149179112926e-01 7.376746020529502124e-01
-7.240618647254436491e-01 6.094570717521765602e-01 7.240618647254436491e-01
-7.103172650056214232e-01 6.105270930017487885e-01 7.103172650056213122e-01
-6.964417476860131906e-01 6.115719345194408074e-01 6.964417476860130796e-01
-6.824363083985981460e-01 6.125939814993064392e-01 6.824363083985980349e-01
-6.683019941609542602e-01 6.135956473645954867e-01 6.683019941609542602e-01
-6.540399039040427631e-01 6.145793726408637081e-01 6.540399039040427631e-01
-6.396511889811814511e-01 6.155476238150463519e-01 6.396511889811815621e-01
-6.251370536577348647e-01 6.165028921813703322e-01 6.251370536577348647e-01
-6.104987555810851285e-01 6.174476926749621342e-01 6.104987555810850175e-01
-5.957376062304491349e-01 6.183845626940392970e-01 5.957376062304490238e-01
-5.808549713461126363e-01 6.193160609115877513e-01 5.808549713461125252e-01
-5.658522713376374913e-01 6.202447660774398353e-01 5.658522713376374913e-01
-5.507309816706211780e-01 6.211732758116768061e-01 5.507309816706210670e-01
-5.354926332315967930e-01 6.221042053903065305e-01 5.354926332315969040e-01
-5.201388126706749659e-01 6.230401865241690373e-01 5.201388126706750770e-01
-5.046711627214928164e-01 6.239838661320225022e-01 5.046711627214927054e-01
-4.890913824980885338e-01 6.249379051088190806e-01 4.890913824980884783e-01
-4.734012277683020131e-01 6.259049770901212728e-01 4.734012277683019021e-01
-4.576025112033383913e-01 6.268877672136895507e-01 4.576025112033383357e-01
-4.416971026030676040e-01 6.278889708792233515e-01 4.416971026030676595e-01
-4.256869290967417174e-01 6.289112925072847249e-01 4.256869290967417729e-01
-4.095739753187011556e-01 6.299574442984277045e-01 4.095739753187011001e-01
-3.933602835587854951e-01 6.310301449935442619e-01 3.933602835587855506e-01
-3.770479538870230574e-01 6.321321186364805556e-01 3.770479538870230574e-01
-3.606391442523140256e-01 6.332660933399479886e-01 3.606391442523140811e-01
-3.441360705547053533e-01 6.344348000557766820e-01 3.441360705547054089e-01
-3.275410066910054430e-01 6.356409713505410952e-01 3.275410066910053319e-01
-3.108562845733422453e-01 6.368873401876282703e-01 3.108562845733421898e-01
-2.940842941203989369e-01 6.381766387167558952e-01 2.940842941203988814e-01
-2.772274832209727369e-01 6.395115970720229859e-01 2.772274832209726814e-01
-2.602883576696184975e-01 6.408949421795003820e-01 2.602883576696184975e-01
-2.432694810740199665e-01 6.423293965754175439e-01 2.432694810740198832e-01
-2.261734747338529361e-01 6.438176772359753830e-01 2.261734747338528806e-01
-2.090030174908156235e-01 6.453624944198098623e-01 2.090030174908155680e-01
-1.917608455496173370e-01 6.469665505241279924e-01 1.917608455496172815e-01
-1.744497522696056568e-01 6.486325389555296361e-01 1.744497522696055181e-01
-1.570725879268221048e-01 6.503631430165133231e-01 1.570725879268220493e-01
-1.396322594461989197e-01 6.521610348086664954e-01 1.396322594461989752e-01
-1.221317301037170427e-01 6.540288741535081884e-01 1.221317301037170705e-01
-1.045740191982385131e-01 6.559693075319618094e-01 1.045740191982385547e-01
-8.696220169283976065e-02 6.579849670433983722e-01 8.696220169283980228e-02
-6.929940782538594746e-02 6.600784693851895479e-01 6.929940782538594746e-02
-5.158882268820548511e-02 6.622524148536871325e-01 5.158882268820549899e-02
-3.383368577660647580e-02 6.645093863675219925e-01 3.383368577660651050e-02
-1.603729050609274676e-02 6.668519485141051195e-01 1.603729050609260798e-02
1.797016301921843234e-03 6.692826466201701185e-01 -1.797016301921891806e-03
1.966583496605977741e-02 6.718040058472012355e-01 -1.966583496605974965e-02
3.756571352274818559e-02 6.744185303125413977e-01 -3.756571352274828274e-02
5.549314833596966090e-02 6.771287022369506525e-01 -5.549314833596950131e-02
7.344458473912396368e-02 6.799369811193769486e-01 -7.344458473912401919e-02
9.141641770915129306e-02 6.828458029396377027e-01 -9.141641770915136245e-02
1.094049925730335854e-01 6.858575793897000450e-01 -1.094049925730336409e-01
1.274066057467885538e-01 6.889746971342173287e-01 -1.274066057467885260e-01
1.454175055070744682e-01 6.921995171009155401e-01 -1.454175055070745237e-01
1.634338927954959719e-01 6.955343738014231336e-01 -1.634338927954960274e-01
1.814519220557036794e-01 6.989815746830677634e-01 -1.814519220557038459e-01
1.994677021033725017e-01 7.025433995121261876e-01 -1.994677021033724185e-01
2.174772970291233842e-01 7.062220997889986362e-01 -2.174772970291234120e-01
2.354767271344574975e-01 7.100198981956871158e-01 -2.354767271344574420e-01
2.534619699007569782e-01 7.139389880759494655e-01 -2.534619699007569227e-01
2.714289609913903556e-01 7.179815329484326991e-01 -2.714289609913901891e-01
2.893735952869637695e-01 7.221496660530343226e-01 -2.893735952869638806e-01
3.072917279537429880e-01 7.264454899307147828e-01 -3.072917279537430435e-01
3.251791755452598798e-01 7.308710760368793968e-01 -3.251791755452599353e-01
3.430317171371110030e-01 7.354284643884452244e-01 -3.430317171371111695e-01
3.608450954949499745e-01 7.401196632446195300e-01 -3.608450954949497524e-01
3.786150182756511384e-01 7.449466488213445370e-01 -3.786150182756509719e-01
3.963371592616337646e-01 7.499113650393336439e-01 -3.963371592616338202e-01
4.140071596283052546e-01 7.550157233055305728e-01 -4.140071596283053101e-01
4.316206292445851078e-01 7.602616023277710688e-01 -4.316206292445851633e-01
4.491731480064561910e-01 7.656508479623440611e-01 -4.491731480064563575e-01
4.666602672034805832e-01 7.711852730940900180e-01 -4.666602672034805277e-01
4.840775109182053892e-01 7.768666575485967396e-01 -4.840775109182055003e-01
5.014203774583780859e-01 7.826967480359647844e-01 -5.014203774583780859e-01
5.186843408218689833e-01 7.886772581255634407e-01 -5.186843408218688722e-01
5.358648521942059872e-01 7.948098682510834623e-01 -5.358648521942057652e-01
5.529573414785932117e-01 8.010962257451381685e-01 -5.529573414785933227e-01
5.699572188582959775e-01 8.075379449025725798e-01 -5.699572188582959775e-01
5.868598763912430405e-01 8.141366070715386760e-01 -5.868598763912430405e-01
6.036606896367022745e-01 8.208937607713283624e-01 -6.036606896367020525e-01
6.203550193138605007e-01 8.278109218358502552e-01 -6.203550193138602786e-01
6.369382129921368207e-01 8.348895735815424768e-01 -6.369382129921368207e-01
6.534056068130392747e-01 8.421311669984270498e-01 -6.534056068130391637e-01
6.697525272433592081e-01 8.495371209629155596e-01 -6.697525272433592081e-01
6.859742928595014000e-01 8.571088224708360848e-01 -6.859742928595015110e-01
7.020662161627106990e-01 8.648476268891437391e-01 -7.020662161627104769e-01
7.180236054249568012e-01 8.727548582245404640e-01 -7.180236054249570232e-01
7.338417665652358091e-01 8.808318094072474791e-01 -7.338417665652356980e-01
7.495160050559911413e-01 8.890797425879862770e-01 -7.495160050559911413e-01
7.650416278594062147e-01 8.974998894461498899e-01 -7.650416278594063257e-01
7.804139453932367188e-01 9.060934515070131479e-01 -7.804139453932366077e-01
7.956282735258872751e-01 9.148616004657348366e-01 -7.956282735258873862e-01
8.106799356004020796e-01 9.238054785157739923e-01 -8.106799356004021906e-01
8.255642644870085922e-01 9.329261986792249939e-01 -8.255642644870084812e-01
8.402766046638697750e-01 9.422248451364754196e-01 -8.402766046638698860e-01
8.548123143256489698e-01 9.517024735524097778e-01 -8.548123143256489698e-01
8.691667675194975073e-01 9.613601113963552436e-01 -8.691667675194973963e-01
8.833353563080428295e-01 9.711987582527286111e-01 -8.833353563080428295e-01
8.973134929589545727e-01 9.812193861193061473e-01 -8.973134929589545727e-01
9.110966121605986734e-01 9.914229396898344149e-01 -9.110966121605986734e-01
9.246801732633613824e-01 1.001810336617641850e+00 -9.246801732633614934e-01
9.380596625460906335e-01 1.012382467756705262e+00 -9.380596625460910776e-01
9.512305955071783670e-01 1.023140197376527061e+00 -9.512305955071785890e-01
9.641885191797129329e-01 1.034084363347052671e+00 -9.641885191797130439e-01
9.769290144701749945e-01 1.045215777289677073e+00 -9.769290144701752165e-01
9.894476985200577612e-01 1.056535224690293484e+00 -9.894476985200580943e-01
1.001740227089839008e+00 1.068043464970160450e+00 -1.001740227089839230e+00
1.013802296964636085e+00 1.079741231510243926e+00 -1.013802296964636085e+00
1.025629648380909309e+00 1.091629231624511753e+00 -1.025629648380909309e+00
1.037218067473523631e+00 1.103708146477570207e+00 -1.037218067473523631e+00
1.048563388742458802e+00 1.115978630941816263e+00 -1.048563388742459024e+00
1.059661497538416430e+00 1.128441313389175304e+00 -1.059661497538416430e+00
1.070508332566575405e+00 1.141096795412332110e+00 -1.070508332566575627e+00
1.081099888407683007e+00 1.153945651470204226e+00 -1.081099888407683007e+00
1.091432218055665482e+00 1.166988428452261140e+00 -1.091432218055665704e+00
1.101501435470888746e+00 1.180225645156144143e+00 -1.101501435470888524e+00
1.111303718148181963e+00 1.193657791672861013e+00 -1.111303718148181963e+00
1.120835309698704707e+00 1.207285328673727287e+00 -1.120835309698704485e+00
1.130092522444692937e+00 1.221108686593014969e+00 -1.130092522444692715e+00
1.139071740026087909e+00 1.235128264700122713e+00 -1.139071740026087465e+00
1.147769420018029729e+00 1.249344430054984523e+00 -1.147769420018029063e+00
1.156182096558137529e+00 1.263757516340206388e+00 -1.156182096558137751e+00
1.164306382982476018e+00 1.278367822563245104e+00 -1.164306382982476018e+00
1.172138974469065120e+00 1.293175611621938392e+00 -1.172138974469065120e+00
1.179676650687745187e+00 1.308181108726295117e+00 -1.179676650687745187e+00
1.186916278455173668e+00 1.323384499669537862e+00 -1.186916278455173668e+00
1.193854814393692232e+00 1.338785928941105041e+00 -1.193854814393692232e+00
1.200489307592731425e+00 1.354385497674117200e+00 -1.200489307592731425e+00
1.206816902271423020e+00 1.370183261419827492e+00 -1.206816902271423242e+00
1.212834840441006534e+00 1.386179227741254127e+00 -1.212834840441006312e+00
1.218540464565563752e+00 1.402373353618111773e+00 -1.218540464565563974e+00
1.223931220219627747e+00 1.418765542655027856e+00 -1.223931220219627303e+00
1.229004658741062350e+00 1.435355642084809702e+00 -1.229004658741062350e+00
1.233758439877670199e+00 1.452143439558438942e+00 -1.233758439877669977e+00
1.238190334425844918e+00 1.469128659713305751e+00 -1.238190334425845140e+00
1.242298226859580801e+00 1.486310960511001422e+00 -1.242298226859580801e+00
1.246080117948082044e+00 1.503689929335924935e+00 -1.246080117948081822e+00
1.249534127360171443e+00 1.521265078845769114e+00 -1.249534127360171221e+00
1.252658496253612030e+00 1.539035842564770551e+00 -1.252658496253612253e+00
1.255451589847448091e+00 1.557001570210554853e+00 -1.255451589847448313e+00
1.257911899975356462e+00 1.575161522745236242e+00 -1.257911899975356462e+00
1.260038047617985324e+00 1.593514867141252234e+00 -1.260038047617985546e+00
1.261828785412178799e+00 1.612060670852345279e+00 -1.261828785412179244e+00
1.263283000134919787e+00 1.630797895979984258e+00 -1.263283000134919787e+00
1.264399715159761683e+00 1.649725393125309303e+00 -1.264399715159761906e+00
1.265178092883487926e+00 1.668841894916668123e+00 -1.265178092883487926e+00
1.265617437120606370e+00 1.688146009202641240e+00 -1.265617437120606148e+00
1.265717195463297973e+00 1.707636211900341650e+00 -1.265717195463297529e+00
1.265476961604316219e+00 1.727310839488690242e+00 -1.265476961604315553e+00
1.264896477620289561e+00 1.747168081136256657e+00 -1.264896477620289783e+00
1.263975636212816944e+00 1.767205970453146424e+00 -1.263975636212817610e+00
1.262714482904656377e+00 1.787422376856375505e+00 -1.262714482904656599e+00
1.261113218188260054e+00 1.807814996537998598e+00 -1.261113218188260054e+00
1.259172199623829869e+00 1.828381343025271555e+00 -1.259172199623830313e+00
1.256891943883993612e+00 1.849118737322029693e+00 -1.256891943883993612e+00
1.254273128742132037e+00 1.870024297620290765e+00 -1.254273128742132037e+00
1.251316595001329857e+00 1.891094928571298794e+00 -1.251316595001329857e+00
1.248023348360825846e+00 1.912327310104821487e+00 -1.248023348360825402e+00
1.244394561216792594e+00 1.933717885785774415e+00 -1.244394561216792372e+00
1.240431574394190051e+00 1.955262850697035981e+00 -1.240431574394190273e+00
1.236135898806361322e+00 1.976958138837355605e+00 -1.236135898806360878e+00
1.231509217038980086e+00 1.998799410023239131e+00 -1.231509217038980308e+00
1.226553384854883078e+00 2.020782036283675254e+00 -1.226553384854883078e+00
1.221270432616239354e+00 2.042901087736519461e+00 -1.221270432616239354e+00
1.215662566620453466e+00 2.065151317935503883e+00 -1.215662566620453688e+00
1.209732170346122793e+00 2.087527148676696420e+00 -1.209732170346122571e+00
1.203481805605284727e+00 2.110022654253401075e+00 -1.203481805605284949e+00
1.196914213598166299e+00 2.132631545148391705e+00 -1.196914213598166521e+00
1.190032315866513146e+00 2.155347151152639196e+00 -1.190032315866512924e+00
1.182839215141569644e+00 2.178162403899549737e+00 -1.182839215141569422e+00
1.175338196082692965e+00 2.201069818803908174e+00 -1.175338196082693409e+00
1.167532725902515445e+00 2.224061476394825654e+00 -1.167532725902515001e+00
1.159426454874504575e+00 2.247129003032140027e+00 -1.159426454874504353e+00
1.151023216718751740e+00 2.270263550995664126e+00 -1.151023216718751740e+00
1.142327028861693572e+00 2.293455777937053686e+00 -1.142327028861693794e+00
1.133342092565492454e+00 2.316695825684029764e+00 -1.133342092565492898e+00
1.124072792922683917e+00 2.339973298387022727e+00 -1.124072792922683472e+00
1.114523698711690214e+00 2.363277239998335499e+00 -1.114523698711690436e+00
1.104699562108759414e+00 2.386596111074184012e+00 -1.104699562108759414e+00
1.094605318251791193e+00 2.409917764890406211e+00 -1.094605318251790527e+00
1.084246084651571129e+00 2.433229422862355218e+00 -1.084246084651571351e+00
1.073627160445779660e+00 2.456517649260439473e+00 -1.073627160445779660e+00
1.062754025491219112e+00 2.479768325212474700e+00 -1.062754025491218890e+00
1.051632339289631402e+00 2.502966621984576534e+00 -1.051632339289631846e+00
1.040267939742442360e+00 2.526096973532687695e+00 -1.040267939742442360e+00
1.028666841729789505e+00 2.549143048317044080e+00 -1.028666841729789283e+00
1.016835235509173208e+00 2.572087720372370434e+00 -1.016835235509173208e+00
1.004779484929046118e+00 2.594913039626839169e+00 -1.004779484929045896e+00
9.925061254527155485e-01 2.617600201463448961e+00 -9.925061254527156596e-01
9.800218619878547921e-01 2.640129515517821268e+00 -9.800218619878549031e-01
9.673335665170444964e-01 2.662480373706787695e+00 -9.673335665170444964e-01
9.544482755247279959e-01 2.684631217482811305e+00 -9.544482755247283290e-01
9.413731872160034930e-01 2.706559504309733910e+00 -9.413731872160039371e-01
9.281156585227481326e-01 2.728241673355924046e+00 -9.281156585227475775e-01
9.146832018926004393e-01 2.749653110401352851e+00 -9.146832018926009944e-01
9.010834818564170678e-01 2.770768111956036783e+00 -9.010834818564171789e-01
8.873243113698765505e-01 2.791559848587549908e+00 -8.873243113698769946e-01
8.734136479249718921e-01 2.812000327456433357e+00 -8.734136479249721141e-01
8.593595894272880731e-01 2.832060354058551166e+00 -8.593595894272886282e-01
8.451703698350385707e-01 2.851709493174737542e+00 -8.451703698350384597e-01
8.308543545559261556e-01 2.870916029028294236e+00 -8.308543545559256005e-01
8.164200355981067192e-01 2.889646924652298665e+00 -8.164200355981069412e-01
8.018760264716284780e-01 2.907867780469091556e+00 -8.018760264716290331e-01
7.872310568368959816e-01 2.925542792085508381e+00 -7.872310568368958705e-01
7.724939668969288409e-01 2.942634707308128039e+00 -7.724939668969283968e-01
7.576737015303521838e-01 2.959104782384100130e+00 -7.576737015303524059e-01
7.427793041622388071e-01 2.974912737473966118e+00 -7.427793041622393622e-01
7.278199103702803763e-01 2.990016711363830737e+00 -7.278199103702800432e-01
7.128047412238701641e-01 3.004373215425706789e+00 -7.128047412238703862e-01
6.977430963540749431e-01 3.017937086835812632e+00 -6.977430963540751652e-01
6.826443467526955855e-01 3.030661441061869965e+00 -6.826443467526952524e-01
6.675179272989665291e-01 3.042497623631709835e+00 -6.675179272989663071e-01
6.523733290128076456e-01 3.053395161196907459e+00 -6.523733290128072015e-01
6.372200910338491342e-01 3.063301711906436076e+00 -6.372200910338489122e-01
6.220677923258625119e-01 3.072163015106941675e+00 -6.220677923258625119e-01
6.069260431067157180e-01 3.079922840387602445e+00 -6.069260431067156070e-01
5.918044760042859842e-01 3.086522935988993410e+00 -5.918044760042860952e-01
5.767127369393446612e-01 3.091902976597433295e+00 -5.767127369393443281e-01
5.616604757368705014e-01 3.096000510547466611e+00 -5.616604757368702794e-01
5.466573364677977942e-01 3.098750906457227838e+00 -5.466573364677980162e-01
5.317129475237781788e-01 3.100087299323198042e+00 -5.317129475237777347e-01
5.168369114281058385e-01 3.099940536102400390e+00 -5.168369114281062826e-01
5.020387943865817215e-01 3.098239120812967151e+00 -5.020387943865813885e-01
4.873281155828225741e-01 3.094909159184723535e+00 -4.873281155828223521e-01
4.727143362231323032e-01 3.089874302894880298e+00 -4.727143362231325252e-01
4.582068483368529344e-01 3.083055693425134081e+00 -4.582068483368524348e-01
4.438149633388736026e-01 3.074371905579259767e+00 -4.438149633388727144e-01
4.295479003618017932e-01 3.063738890702593309e+00 -4.295479003618026814e-01
4.154147743661889547e-01 3.051069919647003914e+00 -4.154147743661901204e-01
4.014245840380361030e-01 3.036275525527851737e+00 -4.014245840380351593e-01
3.875861994838677438e-01 3.019263446321677424e+00 -3.875861994838684654e-01
3.739083497345992990e-01 2.999938567356478458e+00 -3.739083497345986884e-01
3.603996100704520700e-01 2.978202863748907081e+00 -3.603996100704531247e-01
3.470683891803845178e-01 2.953955342845862475e+00 -3.470683891803856280e-01
3.339229161705161708e-01 2.927091986730965711e+00 -3.339229161705151716e-01
3.209712274373540675e-01 2.897505694859383585e+00 -3.209712274373529572e-01
3.082211534228742056e-01 2.865086226887851417e+00 -3.082211534228733729e-01
2.956803052697665746e-01 2.829720145770180384e+00 -2.956803052697661860e-01
2.833560613966507047e-01 2.791290761191737690e+00 -2.833560613966517039e-01
2.712555540144359623e-01 2.749678073420233293e+00 -2.712555540144363508e-01
2.593856556065621266e-01 2.704758717653681810e+00 -2.593856556065619601e-01
2.477529653974345769e-01 2.656405908950655537e+00 -2.477529653974354373e-01
2.363637958350124080e-01 2.604489387831104175e+00 -2.363637958350126300e-01
2.252241591152150946e-01 2.548875366641150997e+00 -2.252241591152145950e-01
2.143397537776847162e-01 2.489426476778720421e+00 -2.143397537776847994e-01
2.037159514042261310e-01 2.426001716881667214e+00 -2.037159514042265196e-01
1.933577834532670126e-01 2.358456402084552650e+00 -1.933577834532672346e-01
1.832699282656838624e-01 2.286642114454723984e+00 -1.832699282656833906e-01
1.734566982794923939e-01 2.210406654723624520e+00 -1.734566982794912837e-01
1.639220274930728027e-01 2.129593995433701092e+00 -1.639220274930722476e-01
1.546694592189274409e-01 2.044044235627155537e+00 -1.546694592189285511e-01
1.457021341723359342e-01 1.953593557207386144e+00 -1.457021341723358510e-01
1.370227789417691189e-01 1.858074183110311361e+00 -1.370227789417692021e-01
1.286336948905252853e-01 1.757314337427693163e+00 -1.286336948905255628e-01
1.205367475416823930e-01 1.651138207631271948e+00 -1.205367475416833645e-01
1.127333565013140387e-01 1.539365909051770176e+00 -1.127333565013151073e-01
1.052244859777487496e-01 1.421813451774120329e+00 -1.052244859777491243e-01
9.801063595771393466e-02 1.298292710115702020e+00 -9.801063595771500325e-02
9.109183410329339814e-02 1.168611394862304920e+00 -9.109183410329337038e-02
8.446762843684188504e-02 1.032573028442063112e+00 -8.446762843684146871e-02
7.813708088443130362e-02 8.899769232263472496e-01 -7.813708088443062361e-02
7.209876175178583924e-02 7.406181631524871856e-01 -7.209876175178595026e-02
6.635074521035232153e-02 5.842875888721764666e-01 -6.635074521035176642e-02
6.089060587483308834e-02 4.207717866361994075e-01 -6.089060587483280385e-02
5.571541655742402732e-02 2.498530811349634340e-01 -5.571541655742487387e-02
5.082174728798320718e-02 7.130953252261051922e-02 -5.082174728798223573e-02
4.620566569350002817e-02 -1.150850621391770745e-01 -4.620566569349945918e-02
4.186273883459383505e-02 -3.095611627721372439e-01 -4.186273883459496609e-02
3.778803660113959351e-02 -5.123534752526425207e-01 -3.778803660113940616e-02
3.397613677375763835e-02 -7.237009351993413109e-01 -3.397613677375852653e-02
3.042113186271971567e-02 -9.438466863027700215e-01 -3.042113186272003833e-02
2.711663784063143151e-02 -1.173038052913263796e+00 -2.711663784063129620e-02
2.405580489046186404e-02 -1.411526506592511998e+00 -2.405580489046220405e-02
2.123133029568534738e-02 -1.659567626323102729e+00 -2.123133029568486166e-02
1.863547360474880968e-02 -1.917421052059736120e+00 -1.863547360474798395e-02
1.626007420773244172e-02 -2.185350431294165396e+00 -1.626007420773136619e-02
1.409657146883411087e-02 -2.463623358293340004e+00 -1.409657146883481343e-02
1.213602756434379454e-02 -2.752511305659227858e+00 -1.213602756434303299e-02
1.036915318190895913e-02 -3.052289547845175033e+00 -1.036915318190963393e-02
8.786336243388793987e-03 -3.363237076250699342e+00 -8.786336243388908479e-03
7.377673820044210878e-03 -3.685636505503743887e+00 -7.377673820044168378e-03
6.133007415764754437e-03 -4.019773970525207574e+00 -6.133007415765109188e-03
5.041961800955604110e-03 -4.365939013955685510e+00 -5.041961800955724674e-03
4.093987586991975312e-03 -4.724424463510998429e+00 -4.093987586991473110e-03
3.278407738620844718e-03 -5.095526298816047905e+00 -3.278407738621173448e-03
2.584468229385824059e-03 -5.479543507252794932e+00 -2.584468229386225214e-03
2.001393053074934821e-03 -5.876777928340101376e+00 -2.001393053074537569e-03
1.518443812407438594e-03 -6.287534086148112600e+00 -1.518443812407649146e-03
1.124984114593811316e-03 -6.712119009230924860e+00 -1.124984114593844276e-03
8.105490120673027044e-04 -7.150842037545944940e+00 -8.105490120672441574e-04
5.649197356839848585e-04 -7.604014615806850230e+00 -5.649197356843937111e-04
3.782039768652246947e-04 -8.071950072701403300e+00 -3.782039768650102937e-04
2.409219846566508722e-04 -8.554963385383274499e+00 -2.409219846561910349e-04
1.440987534691447170e-04 -9.053370928628986292e+00 -1.440987534691281558e-04
7.936258729617806944e-05 -9.567490208028972987e+00 -7.936258729604862925e-05
3.905033656508751362e-05 -1.009763957656118194e+01 -3.905033656531359010e-05
1.631961444336091775e-05 -1.064413793387303286e+01 -1.631961444350518440e-05
5.268310350408818423e-06 -1.120730440757615654e+01 -5.268310350494853254e-06
1.061729724321422716e-06 -1.178745801583280972e+01 -1.061729724428400012e-06
6.770066476731444536e-08 -1.238491731049126265e+01 -6.770066470020673810e-08
